1000 103625 0
1331 129667 1
1728 159875 2
2197 199042 3
2744 254292 4
3375 304333 5
4096 369667 6
4913 437625 7
5832 504833 8
6859 604625 9
8000 708417 10
9261 831959 11
10648 988417 12
12167 179666 13
13824 235791 14
15625 190417 15
17576 218708 16
19683 234625 17
21952 269917 18
24389 295917 19
27000 320166 20
29791 366917 21
32768 401583 22
35937 468208 23
39304 502167 24
42875 549708 25
46656 601083 26
50653 646000 27
54872 745250 28
59319 728959 29
64000 814083 30
68921 845791 31
74088 953375 32
79507 1021000 33
85184 1074583 34
91125 1211208 35
97336 1180667 36
103823 1180584 37
110592 1039000 38
117649 687166 39
125000 606750 40
132651 695042 41
140608 787292 42
148877 729084 43
157464 874458 44
166375 821625 45
175616 916584 46
185193 901292 47
195112 928875 48
205379 1060167 49
216000 936000 50
226981 1127375 51
238328 1170542 52
250047 1273500 53
262144 1369208 54
274625 1470958 55
287496 1397625 56
300763 1171750 57
314432 1267667 58
328509 1308458 59
343000 1254667 60
357911 1360250 61
373248 1365792 62
389017 1526375 63
405224 1534709 64
421875 1593792 65
438976 1668375 66
456533 1863500 67
474552 1789750 68
493039 1844875 69
512000 1959833 70
531441 2022459 71
551368 2051500 72
571787 2096375 73
592704 4688834 74
614125 1797500 75
636056 1769583 76
658503 1887709 77
681472 2052708 78
704969 2089375 79
729000 2063542 80
753571 2162709 81
778688 2286792 82
804357 2182625 83
830584 2416791 84
857375 2633000 85
884736 2615209 86
912673 2558667 87
941192 2626208 88
970299 2869083 89
1000000 2865458 90
